,City 0,City 1,City 2,City 3,City 4,City 5,City 6
City 0,0,29,20,21,16,31,100
City 1,29,0,15,29,28,40,72
City 2,20,15,0,15,14,25,81
City 3,21,29,15,0,4,12,92
City 4,16,28,14,4,0,16,96
City 5,31,40,25,12,16,0,87
City 6,100,72,81,92,96,87,0
